0.000000 1.000000
0.010000 0.980199
0.020000 0.960792
0.030000 0.941773
0.040000 0.923136
0.050000 0.904875
0.060000 0.886984
0.070000 0.869458
0.080000 0.852289
0.090000 0.835473
0.100000 0.819004
0.110000 0.802875
0.120000 0.787081
0.130000 0.771616
0.140000 0.756475
0.150000 0.741651
0.160000 0.727140
0.170000 0.712935
0.180000 0.699032
0.190000 0.685424
0.200000 0.672106
0.210000 0.659074
0.220000 0.646321
0.230000 0.633842
0.240000 0.621633
0.250000 0.609688
0.260000 0.598002
0.270000 0.586570
0.280000 0.575388
0.290000 0.564449
0.300000 0.553751
0.310000 0.543287
0.320000 0.533054
0.330000 0.523046
0.340000 0.513259
0.350000 0.503689
0.360000 0.494332
0.370000 0.485182
0.380000 0.476236
0.390000 0.467490
0.400000 0.458940
0.410000 0.450580
0.420000 0.442409
0.430000 0.434421
0.440000 0.426613
0.450000 0.418980
0.460000 0.411521
0.470000 0.404229
0.480000 0.397103
0.490000 0.390139
0.500000 0.383333
0.510000 0.376682
0.520000 0.370182
0.530000 0.363831
0.540000 0.357624
0.550000 0.351560
0.560000 0.345635
0.570000 0.339846
0.580000 0.334189
0.590000 0.328663
0.600000 0.323264
0.610000 0.317990
0.620000 0.312838
0.630000 0.307805
0.640000 0.302888
0.650000 0.298086
0.660000 0.293396
0.670000 0.288814
0.680000 0.284340
0.690000 0.279970
0.700000 0.275702
0.710000 0.271534
0.720000 0.267464
0.730000 0.263490
0.740000 0.259610
0.750000 0.255821
0.760000 0.252122
0.770000 0.248510
0.780000 0.244985
0.790000 0.241543
0.800000 0.238184
0.810000 0.234905
0.820000 0.231705
0.830000 0.228581
0.840000 0.225534
0.850000 0.222559
0.860000 0.219658
0.870000 0.216826
0.880000 0.214065
0.890000 0.211370
0.900000 0.208743
0.910000 0.206180
0.920000 0.203680
0.930000 0.201243
0.940000 0.198868
0.950000 0.196551
0.960000 0.194294
0.970000 0.192094
0.980000 0.189950
0.990000 0.187861
1.000000 0.357907
1.010000 0.392041
1.020000 0.426199
1.030000 0.460387
1.040000 0.494613
1.050000 0.528880
1.060000 0.563195
1.070000 0.597563
1.080000 0.631989
1.090000 0.666477
1.100000 0.701032
1.110000 0.735659
1.120000 0.770362
1.130000 0.805146
1.140000 0.840015
1.150000 0.874972
1.160000 0.910022
1.170000 0.945168
1.180000 0.980414
1.190000 1.015764
1.200000 1.051220
1.210000 1.086788
1.220000 1.122469
1.230000 1.158267
1.240000 1.194185
1.250000 1.230227
1.260000 1.266394
1.270000 1.302691
1.280000 1.339120
1.290000 1.375683
1.300000 1.412384
1.310000 1.449226
1.320000 1.486210
1.330000 1.523339
1.340000 1.560616
1.350000 1.598044
1.360000 1.635625
1.370000 1.673361
1.380000 1.711254
1.390000 1.749308
1.400000 1.787523
1.410000 1.825903
1.420000 1.864450
1.430000 1.903166
1.440000 1.942053
1.450000 1.981113
1.460000 2.020348
1.470000 2.059761
1.480000 2.099353
1.490000 2.139127
1.500000 2.179085
1.510000 2.219229
1.520000 2.259560
1.530000 2.300081
1.540000 2.340794
1.550000 2.381701
1.560000 2.422803
1.570000 2.464104
1.580000 2.505604
1.590000 2.547306
1.600000 2.589212
1.610000 2.631324
1.620000 2.673643
1.630000 2.716173
1.640000 2.758914
1.650000 2.801870
1.660000 2.845041
1.670000 2.888430
1.680000 2.932040
1.690000 2.975872
1.700000 3.019927
1.710000 3.064210
1.720000 3.108721
1.730000 3.153462
1.740000 3.198437
1.750000 3.243647
1.760000 3.289094
1.770000 3.334781
1.780000 3.380710
1.790000 3.426883
1.800000 3.473304
1.810000 3.519973
1.820000 3.566894
1.830000 3.614069
1.840000 3.661501
1.850000 3.709192
1.860000 3.757146
1.870000 3.805364
1.880000 3.853850
1.890000 3.902606
1.900000 3.951635
1.910000 4.000941
1.920000 4.050526
1.930000 4.100394
1.940000 4.150547
1.950000 4.200990
1.960000 4.251724
1.970000 4.302755
1.980000 4.354085
1.990000 4.405718
2.000000 4.405718
